94 9 2
0
1
2
3
4
5
6
7
8
9
10
23
65
77
116
145
108
109
154
194
234
171
163
253
259
255
303
195
12
142
271
285
130
164
170
144
34
76
16
188
177
14
272
359
282
153
91
488
235
441
240
651
321
74
337
324
422
508
348
580
376
200
309
182
721
411
690
417
459
750
479
263
617
844
757
794
476
429
849
909
812
779
339
882
231
98
618
302
526
658
290
254
406
756
0 9 -1.410908 1
0 13 3.140179 1
0 17 -6.771476 1
0 63 2.030705 1
1 29 -5.522474 1
1 33 5.295556 1
1 60 -1.957977 1
2 10 6.927910 1
2 41 -0.435592 1
3 14 -3.391660 1
3 78 0.652714 1
5 9 -1.332874 0
5 10 3.351762 1
5 11 0.477784 1
5 13 1.119502 1
5 17 0.486315 1
5 21 -0.584980 1
5 38 -2.056231 1
5 71 0.383326 1
6 12 1.657919 1
6 13 -2.589050 1
6 15 0.255587 1
6 25 -1.807872 1
6 27 1.892200 1
6 54 1.446055 1
6 84 0.713263 1
7 10 -0.123718 1
7 11 -0.067317 1
7 22 -4.875383 1
7 27 1.326695 1
7 28 -1.115681 1
11 10 -4.367795 1
11 12 -0.498068 1
11 16 -1.150839 1
11 18 -1.948760 1
11 22 -1.073315 1
11 36 1.398595 1
11 39 -4.433448 1
11 40 -3.952555 1
11 51 3.042228 1
11 87 2.229858 1
12 10 3.057048 1
12 46 3.426421 1
13 11 2.210452 1
13 14 -0.780882 1
13 23 3.971250 1
13 32 2.916615 1
13 43 -1.947244 1
13 51 -1.994621 1
13 88 0.748913 1
13 90 1.000000 1
14 11 -1.132471 1
14 22 -3.485797 1
15 13 2.594041 1
15 19 -1.194344 1
15 20 -0.219255 1
15 50 0.856898 1
15 53 -1.169260 1
16 12 5.136491 1
16 35 -4.634010 1
16 45 -1.258887 1
17 13 -2.748000 1
17 29 2.267814 1
17 34 6.001018 1
17 56 -2.631987 1
18 16 0.606141 1
18 40 0.973352 1
19 13 5.820292 1
19 30 -1.854852 1
19 48 1.653627 1
19 61 -1.041226 1
19 76 2.087258 1
20 19 0.477317 1
20 91 1.000000 1
21 17 2.302242 1
21 30 -1.506377 1
21 65 0.390295 1
22 12 3.136863 1
22 18 1.292050 1
22 23 2.015491 1
22 44 -6.389103 1
22 52 -0.081762 1
23 18 -1.760803 1
23 24 3.547600 1
23 31 4.411140 1
24 18 -1.941113 1
24 42 0.364506 1
25 12 -4.462059 1
25 26 -2.847788 1
25 62 -4.434287 1
26 12 -1.208314 1
26 21 2.847385 1
26 43 -2.357034 1
26 55 -0.003171 1
27 15 -3.125440 1
27 58 1.055748 1
27 67 -2.880422 1
28 10 0.344819 1
28 33 0.507108 1
28 36 1.485806 1
28 53 0.723815 1
28 61 2.598925 1
29 13 -0.008297 1
29 45 -1.588823 1
30 17 1.109640 1
30 92 1.000000 1
31 24 -6.134051 1
31 43 -1.299197 1
31 49 -0.165961 1
32 14 -0.884528 1
32 33 -0.418587 1
33 14 3.535900 1
33 56 2.959774 1
34 29 -2.943704 1
35 12 -0.092567 1
36 10 -0.366613 1
36 37 -1.381501 1
37 10 -3.564414 1
38 9 2.798585 1
39 22 -4.838292 1
40 16 1.902994 1
40 60 0.492368 1
40 68 2.347188 1
40 75 0.592941 1
41 10 -3.675905 1
42 18 1.622138 1
43 24 -2.122028 1
44 23 0.260636 1
45 35 1.424242 1
45 47 -6.980594 1
46 10 4.247899 1
47 35 -2.716465 1
47 59 1.129819 1
47 86 1.000000 1
48 13 3.734203 1
48 55 6.057168 1
49 43 -1.998535 1
49 77 0.793038 1
50 20 -1.312200 1
51 40 2.931226 1
51 64 -3.130825 1
52 44 -0.915376 1
52 57 0.653995 1
52 69 -0.522768 1
53 36 0.726313 1
53 85 -0.746234 1
54 25 2.718028 1
54 82 1.204235 1
55 12 -4.361068 1
55 89 -2.818399 1
56 14 -0.270286 1
56 37 -0.282556 1
56 64 1.585566 1
56 66 2.545138 1
57 44 -1.275409 1
57 93 -0.313627 1
58 15 -3.020679 1
58 70 0.448157 1
58 72 -2.107661 1
58 81 1.000000 1
59 35 -1.771213 1
60 16 -1.804176 1
60 77 4.883461 1
61 53 -5.318123 1
62 26 1.661933 1
63 17 4.889143 1
64 37 3.730245 1
64 74 0.089024 1
65 30 0.304775 1
66 14 5.088767 1
67 58 -0.955529 1
67 80 -4.450504 1
68 60 0.452848 1
69 57 -0.691950 1
69 73 0.449625 1
69 83 2.986298 1
70 15 4.025483 1
71 21 -0.127506 1
72 70 2.273441 1
73 57 -0.856092 1
74 37 -0.246357 1
75 68 3.992427 1
76 30 0.763538 1
77 16 -0.941156 1
78 14 -4.844177 1
78 79 -1.234822 1
79 14 -5.829654 1
80 58 -0.636483 1
80 76 3.528427 1
81 72 0.647927 1
82 25 3.355765 1
83 73 -1.012076 1
84 27 3.618931 1
85 36 -4.826829 1
86 59 3.606730 1
87 39 -3.776088 1
88 43 -3.635709 1
89 12 -0.528150 1
90 32 2.916615 1
91 19 -0.026223 1
92 17 0.634350 1
93 44 -4.977586 1
-1 -1 -1 -1
317
31736.000000
 0 1 2 3 4 5 6 7 8 63 41 78 38 71 54 84 28 79 9 82 27 25 67 62 80 26 58 21 81 65 72 70 15 50 20 91 19 48 61 76 55 53 30 89 85 92 17 34 29 13 88 90 32 33 56 66 14 11 36 51 87 64 39 74 22 37 52 69 83 73 57 93 44 23 31 49 43 24 42 18 40 75 68 60 77 16 45 47 86 59 35 12 46 10
